11726718198
13536143503
7984748671
11319105283
12130645257
10157009538
8276411423
9129163668
11378081356
8261022290
11533704950
10700892314
8257043752
10957205571
11822975536
8036648737
11615228560
8109213846
11660139975
12167735190
12570033129
11619746513
11787613915
9773447760
8490597174
13111990994
11324046526
12437848265
12647589125
9645438345
8180123870
12389936319
11289903159
9626368229
12806937689
7893386203
8124155621
12474415867
12907017495
14415206295
9215353388
11441905765
10154786797
6811765380
10868158792
13860439986
10573385852
8435235213
9129364653
10703936937
8972099095
8982051324
13450535248
8806375428
10226811574
11937080564
10218432496
7183403885
8924877151
9339285746
9775391752
11114249085
11672278789
12256067427
10968192105
10307761575
9015472452
8567926763
9686134609
11709986986
9543833008
8854312892
9408226767
13493844338
12010030379
12437928381
12203404859
10784543902
9757666091
15085024119
9208887112
8647472398
12593616479
8792421709
10864254269
11497140616
9557234620
14933039054
10736927358
7488518669
12171763743
11397815091
10388535199
9371824504
13084920771
11918367245
10268857490
12309070753
10238944234
9701473654
