1301921986 1588329150 2096740760 595118501 588920906 2136870884 249172920 797341001 2144171831 228130259 
1503508440 580152621 1152704802 242005911 1221677291 971858859 2048176817 1585757357 2147185721 2083115684 
214656002 50004481 28990801 434947851 1110413152 1751522320 1264687911 1350235918 497032199 1282258036 
2067940411 306969343 62277316 1772749982 1742624570 222483439 1841627356 279966948 1041232474 1981233444 
425319504 1794247871 1592792605 1062152258 2000756748 264032084 1479155015 290917709 1668693623 1552577840 
100246795 48981011 421567978 1253719783 1242373979 1251917505 1559338349 1661792909 1632188996 984882233 
872182973 1046420649 300308802 861913795 307673495 1196539097 517875305 1527438467 646864988 999193852 
1277715150 1768209869 544524883 165952277 1657796180 567891778 604695523 1114322190 581674750 846381068 
272367305 973770202 1829025942 1091938006 1182011241 2018959400 2032885012 956041180 530376003 490707065 
810628737 179834447 795261599 56350241 1109050471 1526382502 1493939069 730878810 754478763 804217651 
1893640426 2099200195 1791536368 669499771 274862690 479520573 1651939775 255615701 1743407250 674482201 
647221982 445016159 1080118159 785807928 712514928 2045896418 1364878354 1355854443 1827386201 436197742 
1311137732 1709317772 997062464 156157923 188565115 1097880703 972948270 488174642 1204385453 131413678 
1221436356 2021300360 359843427 1924940746 1100224289 320650757 1329717481 1159526171 817075316 702490668 
367019625 1777269311 1360117577 2003377449 1990968730 365612578 1247199935 9453671 1491318960 1210637700 
161504148 138084626 1050976256 318281021 1640563566 184322654 1102137731 1635378445 480934656 1324465634 
1654055950 1163765133 1198713895 1611993572 1600529492 773405269 85172732 1302661060 1833067286 391864171 
716178937 205352183 538779127 1124895533 69178117 1681352068 349200195 1141168662 312672840 1970436184 
1998164415 963494599 1144339329 2141231400 2117393177 1083351730 970324104 41562406 284377180 915901635 
1365996673 1841822683 678591515 1640093329 1195918365 1350738139 578555416 1895607652 402847957 1217563461 
280439846 2092022522 323870032 1099454789 494458763 2103635612 1746789146 2073564370 249102904 2106695145 
1982606106 2108452716 1322705605 657982119 1473784866 690561351 19425804 1204966142 1642084042 517177762 
1950564812 43610326 1018283880 917165651 1173351145 1021839901 1674244315 1046169445 2076460815 865923625 
1102796652 601076190 738320705 1242593026 1689996338 2053625540 639624567 44884540 1646772637 13757565 
1484046231 1044243381 1939943149 325165682 1080779176 1405027604 519117078 20609396 166308463 505357014 
1331312335 1521072921 253523610 2033153842 1414482296 236829520 1073738642 1554188028 2073587291 1620102509 
429391297 700619701 2144587202 1530662926 1003898493 1381529916 1370132011 80112579 1115469428 1567642973 
50936784 2122024911 1705677152 1628326477 1180615178 906321431 251150824 693118198 1983870122 1915807188 
502722823 1653634919 879860982 1571103801 1682094937 1729207378 347552580 852650510 1975594377 1453166818 
979886898 1232920186 118780896 26670128 1731849915 783426530 1047139826 409280223 1468750836 1846732907 
34895593 439004499 1052623615 746149137 454420230 1356771071 1962879416 772680780 852538664 508160865 
2133162343 380620444 1717801553 157780103 1117379686 923240025 1968242366 573483401 1996051636 1422174762 
1033977336 517481501 252001849 1809786257 587756075 965500245 2003244015 1679007024 2043960209 397188648 
2006665252 1989354248 1371851009 137137215 1880911595 63718324 601011304 133711845 1116683571 325323866 
1913811609 1722355447 111846 1467433512 1467488122 599266454 1662602280 2108484440 1056774089 808609890 
962667811 473656425 560712234 46576074 812755571 1664897739 187002650 1390321005 158393062 1636403632 
1501010703 283872392 876204218 455350016 648979260 143808095 1156253082 1580664338 424352155 1053661362 
322228721 1834530521 1604283477 1670727770 1655846800 1459105536 517369655 932051984 342298135 2135973268 
1450381612 2042243222 622232935 1235350319 1582004484 1533008827 1428642014 1325274935 1471865291 216013856 
2024199321 1358173946 2122802430 1627763586 971796810 1629939217 846151229 1692245477 818454252 1323680027 
1590497019 81937942 1684132285 3112727 486381169 1275620937 1016856595 1037468111 538212921 1501133682 
1147528084 1402434313 1048022870 169903441 186022020 1606251128 1809123104 1788337546 1020829179 1263454080 
862649728 1978461794 108799047 208338299 1176945688 1111538422 1859211738 2124003538 698930960 25907583 
612954307 972607825 113597732 1166101755 545476249 1368443670 358110937 619120208 748969150 306383547 
516152232 391173903 787062014 2118215256 1215969419 621765008 310151076 1952898989 1441741566 1513029329 
1968299760 1205297330 671416298 1702483819 461030299 1759518872 2120622542 1475793986 973650686 1522326394 
1563892846 1040336704 338537151 512305338 888179375 174920259 1288836581 2029404762 1771910839 965061997 
1248140191 1190002896 1039368396 714445632 747301848 471475825 1191399780 138067438 1139852527 555180680 
801387346 2053796396 682261972 1333385278 205091470 1555140624 301191527 558597560 705071456 933441024 
1395304775 1029800598 1792953169 1374126403 889974348 1623299175 52636752 274756676 1230035881 1041049160 
1480412074 428229961 180988150 476679569 264889138 778296864 165928934 2104454313 955181971 2137038121 
568119092 1982555104 335941459 418470006 720939048 1657580097 358074732 1152635520 307213868 1480522398 
2021212379 730239021 1324333306 838469815 1717240869 218339593 1544533374 1812725640 1971954931 1271486320 
418839073 916643104 1055515204 98803367 1222252253 373157385 1872808246 205582403 1068496140 1574278253 
1389211690 344220861 1750899236 715516982 365321932 1560233318 693859139 1374483163 653187355 1379877898 
1265224443 1047484879 2115026455 1896997130 1167320428 750173053 1251380302 1490001982 906922347 46549545 
1381247137 500686941 132499382 1831179298 1718199048 1798959635 927039900 237138092 1343701400 347781663 
1932255498 152492329 84139380 880419262 91310708 1676991518 1126823432 608816324 473147883 157007551 
1671964101 170050211 1159538285 592077033 6261877 1518837841 949100296 1306001721 1078966586 472079200 
1269260730 382806264 1446143703 1021946595 193031116 888524749 211721479 2067203585 1144801581 713845944 
633193418 456721047 30781763 305405692 1595106047 1112732114 963345499 1234607193 1805686422 1637812557 
1770833268 642563978 1016854099 749914796 522069091 1211196926 1488632303 1687905996 1824917421 199361207 
849859339 1768521826 1305655153 871622200 1226004580 1549449234 853832273 1209676432 687388146 1350269606 
1465270039 1207103494 1611498390 1906785586 1671297780 1215243054 139268448 854132593 1144454633 1041013410 
555492342 1861976750 1647798946 1588637676 848729579 626696752 1513435812 696228907 499877504 1129317837 
1547376093 671299130 242286164 945440374 2011470252 1012155239 1298549541 1306643210 1226884759 45656813 
258899841 1901152714 547219047 455416816 172542518 563729774 1178549235 1257552160 1226100663 1454309684 
1071928478 634499710 543451363 783904011 1791352512 1135366236 120722880 1864501124 22892621 599307828 
36013422 157603366 709798928 1705553956 1950377160 793970909 964817330 666058016 2042798981 659142541 
2064177160 980108885 1774731481 1098797820 782113569 801823275 1314757703 1192382130 1416095158 284999805 
1595631164 255883652 1617611891 1193051467 57389359 912876383 127847767 1605865800 1301571509 876104016 
891432359 1581532064 1283750589 627576931 9643391 101296475 1191353786 989148738 652523303 1526055256 
1746396091 512491219 1362236826 566958122 1537616171 91819593 1007251876 1592137190 1790442 989529237 
1968092180 1075824397 448405966 1885376463 1151160311 1927613417 687475122 1664231108 1648164597 1037500777 
666123142 1506435177 1511970154 1166694965 1915193829 482645096 1843841943 1147154550 1089154429 680817094 
1757953136 325608965 539858827 2037523549 686087361 1083139945 1041130473 1050653769 1802918943 2113053413 
2053108154 683194224 1604075358 312042272 1055495483 1963091609 1133126098 1545857773 1623900267 229513621 
1561305000 1674606325 1488467788 1762506173 859932114 239960914 1148004712 195541861 799247940 1054971075 
395461297 2007580973 502982761 1468456995 1379059748 1642483215 535965570 558366064 1199289102 68020366 
886482944 1784305000 2008795812 1682594831 1131876270 2130412565 2049843466 1199927882 111199482 2099585867 
1497002645 297984170 1670737930 859640808 1266995741 83346811 984624824 924836301 1177591435 446126447 
2082618880 845588612 251405829 747947868 1717592116 45527181 180211463 135618363 1080466171 1560495915 
1427126039 574760034 346568671 1555879901 1490514324 1924483647 1813294160 1953356604 630629903 877003196 
337601095 2095560477 84342379 847145720 1705452077 97477127 336843043 1790825600 201461254 1295712937 
657858391 1758612916 1528258276 753162655 132885133 40894332 1532899171 1260847944 2112486362 1086349089 
1950201102 1914225103 119461711 698187214 672459828 922242611 2098899146 114858029 1516610131 1489995741 
417536298 1178751867 294206398 300588239 108525352 2134542050 761246233 1551743756 1189979438 1620114989 
1856167785 536869510 2081640756 1932236881 902637524 1815996770 1193985405 1740889663 1422994768 1449619992 
391584476 552446216 1988353889 1691764461 1074285741 570859639 1976098766 1533638812 174685892 783209466 
146061628 221985014 274215469 858949160 878176639 1626590171 1464406518 1227670037 644637303 145826730 
1427131746 2128639062 70868506 492371373 1377664951 1413331592 1980067994 334708477 1943033337 1003946705 
1875740853 358009483 839346908 66990139 1098411265 2012573729 1337881625 749925584 1373786145 1685149360 
158443284 1375091068 1377057864 406769972 1474053361 1634182771 262654041 1222691596 1054060242 1423531000 
351590252 2113799015 1096252360 1277168038 22488246 410429061 481577710 1495982516 314099510 1808437796 
738275292 1641390289 1738089122 1318222834 1054952260 1935535792 1530121753 207225330 1908021542 1013086557 
288708546 714480934 2001367539 1106971590 2134867093 52040678 751581198 1811582181 1165801659 1890965827 
1150677551 757376398 1428131882 519502337 652356453 1909425485 1409240770 1709662517 44501893 687982204 
1530996019 1989382756 435826074 1712831996 946874068 664536642 1784485593 58835030 1499301359 1686001216 
104061018 55428711 1462153701 40973685 1134822454 1784592965 112431476 2136764417 1289784592 2117931215 
1806331510 817479176 330180857 570617330 657760245 2128382541 213258407 1218586785 665866381 1293010422 
